﻿Client Name;code1;code2;some_data;
a;1;12;2;1
b;2;11;6;2
c;3;10;12;3
d;4;9;20;4
e;9;4;34;5
f;6;7;42;6
g;7;6;56;7
h;8;5;72;8
i;9;4;90;9
j;10;3;110;10
k;11;2;132;11
l;12;1;156;12
k;10;3;110;10
l;11;2;132;11
k;12;1;156;12
X;;;;
Y;;;;
Z;;;;
;X1;Y1;Z1;
